KMeans:
              precision    recall  f1-score   support

          0       0.84      0.81      0.83       571
          1       0.68      0.73      0.70       320

avg / total       0.78      0.78      0.78       891

MeanShift:
              precision    recall  f1-score   support

          0       0.94      0.62      0.75       824
          1       0.00      1.00      0.01         1
          2       0.00      0.00      0.00         1
          3       0.00      0.00      0.00         1
          4       0.00      0.00      0.00         1
          5       0.00      0.00      0.00         1
          6       0.00      0.00      0.00         1
          7       0.00      0.00      0.00         1
          8       0.00      0.00      0.00         1
          9       0.00      0.00      0.00         1
         10       0.00      0.00      0.00         1
         11       0.00      0.00      0.00         1
         12       0.00      0.00      0.00         1
         13       0.00      0.00      0.00         1
         14       0.00      0.00      0.00         1
         15       0.00      0.00      0.00         1
         16       0.00      0.00      0.00         1
         17       0.00      0.00      0.00         1
         18       0.00      0.00      0.00         1
         19       0.00      0.00      0.00         1
         20       0.00      0.00      0.00         1
         21       0.00      0.00      0.00         1
         22       0.00      0.00      0.00         1
         23       0.00      0.00      0.00         1
         24       0.00      0.00      0.00         1
         25       0.00      0.00      0.00         1
         26       0.00      0.00      0.00         1
         27       0.00      0.00      0.00         1
         28       0.00      0.00      0.00         1
         29       0.00      0.00      0.00         1
         30       0.00      0.00      0.00         1
         31       0.00      0.00      0.00         1
         32       0.00      0.00      0.00         1
         33       0.00      0.00      0.00         1
         34       0.00      0.00      0.00         1
         35       0.00      0.00      0.00         1
         36       0.00      0.00      0.00         1
         37       0.00      0.00      0.00         1
         38       0.00      0.00      0.00         1
         39       0.00      0.00      0.00         1
         40       0.00      0.00      0.00         1
         41       0.00      0.00      0.00         1
         42       0.00      0.00      0.00         1
         43       0.00      0.00      0.00         1
         44       0.00      0.00      0.00         1
         45       0.00      0.00      0.00         1
         46       0.00      0.00      0.00         1
         47       0.00      0.00      0.00         1
         48       0.00      0.00      0.00         1
         49       0.00      0.00      0.00         1
         50       0.00      0.00      0.00         1
         51       0.00      0.00      0.00         1
         52       0.00      0.00      0.00         1
         53       0.00      0.00      0.00         1
         54       0.00      0.00      0.00         1
         55       0.00      0.00      0.00         1
         56       0.00      0.00      0.00         1
         57       0.00      0.00      0.00         1
         58       0.00      0.00      0.00         1
         59       0.00      0.00      0.00         1
         60       0.00      0.00      0.00         1
         61       0.00      0.00      0.00         1
         62       0.00      0.00      0.00         1
         63       0.00      0.00      0.00         1
         64       0.00      0.00      0.00         1
         65       0.00      0.00      0.00         1
         66       0.00      0.00      0.00         1
         67       0.00      0.00      0.00         1

avg / total       0.87      0.58      0.69       891

MiniBatchKMeans:
              precision    recall  f1-score   support

          0       0.01      1.00      0.02         5
          1       1.00      0.39      0.56       886

avg / total       0.99      0.39      0.55       891

